params 0.01705653840005363 0.6823390390198024 3.1814656905130065 [(np.float64(0.7012930245623809), np.float64(5.904449010101326)), (np.float64(0.7116163972931152), np.float64(7.839890253440252))]
validation mean predicted,observed wait 0.43455380633185287 0.43650700682651483 logratio -0.00043312490900680137
validation mean predicted,observed wait 0.4055618274906279 0.40828879362176534 logratio 0.003268044277734956
0 0.8587 1.0 0.020803 0.020803
1 0.8908 0.998 0.017767 0.017766
2 0.9421 0.998 0.018167 0.01816
3 0.9953 1.0 0.02008 0.02008
4 1.0523 1.0 0.021532 0.021532
5 1.1031 1.0 0.021092 0.021092
6 1.1639 1.0 0.020025 0.020025
7 1.235 1.0 0.020717 0.020717
8 1.3353 1.0 0.020673 0.020673
9 1.4562 0.994 0.03014 0.030124
10 1.6032 0.828 0.02449 0.021585
11 1.749 0.678 0.021059 0.008152
12 1.8841 0.628 0.0179 -0.012341
13 1.995 0.542 0.015449 -0.038081
14 2.0406 0.488 0.014532 -0.051474
15 2.0267 0.494 0.014733 -0.04775
16 1.9299 0.564 0.016917 -0.022734
17 1.7624 0.698 0.020491 0.006282
18 1.5717 1.0 0.020219 0.020219
19 1.3605 1.0 0.020682 0.020682
20 1.169 1.0 0.019576 0.019576
21 1.0151 1.0 0.02139 0.02139
22 0.9096 1.0 0.017032 0.017032
23 0.8628 1.0 0.019734 0.019734
baseline 0.6739883824350309 Q1 0.0027079785660067968 Q2 0.019538326687345897
